0 0.492969 0.360417 0.542188 0.100000
0 0.392188 0.488542 0.584375 0.093750
0 0.807813 0.489583 0.156250 0.087500
0 0.239063 0.614583 0.115625 0.083333
0 0.354687 0.616667 0.050000 0.083333
0 0.519531 0.617708 0.207813 0.085417
0 0.736719 0.625000 0.157812 0.095833
0 0.369531 0.739583 0.264062 0.087500
0 0.652344 0.740625 0.198437 0.089583
0 0.144531 0.835417 0.095312 0.054167
0 0.281250 0.838542 0.118750 0.052083
0 0.428125 0.839583 0.125000 0.054167
0 0.635938 0.838542 0.231250 0.056250
0 0.830469 0.835417 0.098437 0.054167