0 0.374688 0.553750 0.286875 0.194167
0 0.887813 0.529583 0.199375 0.205833
0 0.180000 0.820417 0.116250 0.035833
0 0.262500 0.818750 0.033750 0.029167
0 0.345625 0.819583 0.118750 0.030833
0 0.439063 0.819583 0.050625 0.030833
0 0.515625 0.822500 0.085000 0.038333
0 0.576875 0.823750 0.015000 0.019167
0 0.609688 0.823333 0.039375 0.020000
0 0.650312 0.827500 0.033125 0.018333
0 0.687500 0.822500 0.032500 0.018333
0 0.718750 0.824583 0.017500 0.014167
0 0.760938 0.824167 0.054375 0.025000
0 0.822500 0.824167 0.051250 0.025000
0 0.867812 0.821667 0.026875 0.020000
0 0.900312 0.820417 0.023125 0.019167
0 0.930625 0.819167 0.027500 0.020000
0 0.970000 0.822083 0.041250 0.020833
0 0.063437 0.822500 0.059375 0.021667
0 0.094062 0.810000 0.006875 0.005000