0 0.434375 0.164583 0.125000 0.041667
0 0.605469 0.162500 0.167187 0.045833
0 0.176563 0.330208 0.200000 0.047917
0 0.397656 0.326042 0.085938 0.047917
0 0.728906 0.479167 0.189062 0.050000
0 0.792188 0.551042 0.312500 0.052083
0 0.162500 0.484375 0.196875 0.060417
0 0.094531 0.551042 0.070312 0.047917
0 0.285938 0.552083 0.253125 0.050000
0 0.156250 0.727083 0.228125 0.054167
0 0.314063 0.328125 0.034375 0.047917
0 0.171094 0.228125 0.082812 0.022917
0 0.265625 0.227083 0.071875 0.025000
0 0.199219 0.265625 0.142187 0.027083
0 0.148438 0.830208 0.206250 0.072917
0 0.132031 0.641667 0.157812 0.070833
0 0.718750 0.641667 0.162500 0.070833