0 0.509375 0.310833 0.280000 0.110000
0 0.756250 0.300000 0.155000 0.081667
0 0.417812 0.426667 0.274375 0.083333
0 0.655937 0.427083 0.150625 0.082500
0 0.357812 0.535000 0.091875 0.035000
0 0.445625 0.531250 0.063750 0.025833
0 0.500000 0.531250 0.023750 0.025833
0 0.787188 0.531667 0.043125 0.025000
0 0.852500 0.532083 0.066250 0.024167
0 0.828438 0.438333 0.134375 0.096667
0 0.910000 0.413750 0.020000 0.014167
0 0.552813 0.535000 0.064375 0.031667
0 0.630000 0.534583 0.067500 0.030833
0 0.714688 0.534583 0.080625 0.030833