0 0.246914 0.291860 0.114198 0.030478
0 0.321245 0.288966 0.019547 0.028549
0 0.371013 0.286651 0.065072 0.030864
0 0.272891 0.355710 0.163066 0.040895
0 0.385159 0.346258 0.048611 0.029707
0 0.424769 0.344907 0.015689 0.028549
0 0.449974 0.345486 0.020833 0.025849
0 0.491898 0.341242 0.048097 0.030478
0 0.212963 0.414545 0.041667 0.028164
0 0.296553 0.415123 0.111111 0.040123
0 0.628729 0.560957 0.245628 0.066358
0 0.623457 0.631752 0.235082 0.069830
0 0.519290 0.706019 0.019033 0.027778
0 0.594779 0.698495 0.115484 0.038194
0 0.546553 0.747299 0.072016 0.033179
0 0.638503 0.738619 0.095422 0.035880